0 7
0 0
-1610901904 32765
-1610901904 32765
-1610901904 32765
-1610901904 32765
-1610901904 32765
-1610901904 32765
-1610901904 32765
-1610901904 32765
-1610901904 32765
-1610901904 32765
-1610901904 32765
-1610901904 32765
-1610901904 32765
-1610901904 32765
-1610901904 32765
-1610901904 32765
-1610901904 32765
-1610901904 32765
-1610901904 32765
-1610901904 32765
-1610901904 32765
-1610901904 32765
-1610901904 32765
-1610901904 32765
-1610901904 32765
-1610901904 32765
-1610901904 32765
-1610901904 32765
-1610901904 32765
-1610901904 32765
-1610901904 32765
-1610901904 32765
-1610901904 32765
-1610901904 32765
-1610901904 32765
-1610901904 32765
-1610901904 32765
-1610901904 32765
-1610901904 32765
-1610901904 32765
-1610901904 32765
-1610901904 32765
-1610901904 32765
-1610901904 32765
-1610901904 32765
-1610901904 32765
-1610901904 32765
-1610901904 32765
-1610901904 32765
-1610901904 32765
-1610901904 32765
-1610901904 32765
-1610901904 32765
-1610901904 32765
-1610901904 32765
-1610901904 32765
-1610901904 32765
-1610901904 32765
-1610901904 32765
-1610901904 32765
-1610901904 32765
-1610901904 32765
-1610901904 32765
-1610901904 32765
-1610901904 32765
-1610901904 32765
-1610901904 32765
-1610901904 32765
-1610901904 32765
-1610901904 32765
-1610901904 32765
-1610901904 32765
-1610901904 32765
-1610901904 32765
-1610901904 32765
-1610901904 32765
-1610901904 32765
-1610901904 32765
-1610901904 32765
-1610901904 32765
2684065392 32765 1925228906 32681
2684065392 32765 1925228906 32681
2684065392 32765 1925228906 32681
2684065392 32765 1925228906 32681
2684065392 32765 1925228906 32681
2684065392 32765 1925228906 32681
2684065392 32765 1925228906 32681
2684065392 32765 1925228906 32681
2684065392 32765 1925228906 32681
2684065392 32765 1925228906 32681
2684065392 32765 1925228906 32681
2684065392 32765 1925228906 32681
2684065392 32765 1925228906 32681
2684065392 32765 1925228906 32681
2684065392 32765 1925228906 32681
